+-------+-----+-------+------+-----+-----+--------+-------------------------------+-------+--------+----------+--------+--------+--------+--------+--------+-----------+------------+--------------+-----------+
| COUNT | 1XX |  2XX  | 3XX  | 4XX | 5XX | METHOD |              URI              |  MIN  |  MAX   |   SUM    |  AVG   |  P90   |  P95   |  P99   | STDDEV | MIN(BODY) | MAX(BODY)  |  SUM(BODY)   | AVG(BODY) |
+-------+-----+-------+------+-----+-----+--------+-------------------------------+-------+--------+----------+--------+--------+--------+--------+--------+-----------+------------+--------------+-----------+
|    46 |   0 |    25 |    0 |  21 |   0 | GET    | /api/chair/notification       | 4.860 | 59.978 | 1452.842 | 31.584 | 59.932 | 59.937 | 59.978 | 25.944 |     0.000 |  81690.000 |  1501578.000 | 32643.000 |
| 10870 |   0 | 10859 |    0 |  11 |   0 | GET    | /api/app/notification         | 0.002 |  0.835 |  853.674 |  0.079 |  0.179 |  0.228 |  0.322 |  0.072 |     0.000 |    439.000 |  4185955.000 |   385.092 |
|  4663 |   0 |  4663 |    0 |   0 |   0 | POST   | /api/chair/coordinate         | 0.008 |  2.109 |  437.039 |  0.094 |  0.174 |  0.209 |  0.299 |  0.099 |    29.000 |     29.000 |   135227.000 |    29.000 |
|    98 |   0 |    98 |    0 |   0 |   0 | GET    | /api/owner/chairs             | 0.190 |  3.142 |  210.412 |  2.147 |  2.778 |  3.077 |  3.142 |  0.506 |   590.000 |  18979.000 |   101683.000 |  1037.582 |
|    84 |   0 |    84 |    0 |   0 |   0 | GET    | /api/app/nearby-chairs        | 0.024 |  1.294 |   44.220 |  0.526 |  1.016 |  1.169 |  1.294 |  0.320 |    42.000 |    762.000 |    17897.000 |   213.060 |
|    26 |   0 |    26 |    0 |   0 |   0 | POST   | /api/chair/activity           | 0.020 |  2.178 |   23.682 |  0.911 |  2.145 |  2.147 |  2.178 |  0.899 |     0.000 |      0.000 |        0.000 |     0.000 |
|    43 |   0 |    43 |    0 |   0 |   0 | POST   | /api/app/payment-methods      | 0.012 |  2.151 |   17.951 |  0.417 |  2.056 |  2.071 |  2.151 |  0.751 |     0.000 |      0.000 |        0.000 |     0.000 |
|   171 |   0 |   170 |    0 |   0 |   1 | GET    | /api/internal/matching        | 0.001 |  1.085 |   10.296 |  0.060 |  0.146 |  0.305 |  0.599 |  0.125 |     0.000 |    166.000 |      166.000 |     0.971 |
|    87 |   0 |    87 |    0 |   0 |   0 | GET    | /api/app/rides                | 0.003 |  1.432 |    8.529 |  0.098 |  0.158 |  0.552 |  1.432 |  0.218 |    12.000 |   2146.000 |    13312.000 |   153.011 |
|    73 |   0 |    73 |    0 |   0 |   0 | POST   | /rides/.*/status              | 0.019 |  0.188 |    5.238 |  0.072 |  0.141 |  0.160 |  0.188 |  0.043 |     0.000 |      0.000 |        0.000 |     0.000 |
|    54 |   0 |    54 |    0 |   0 |   0 | POST   | /api/app/rides                | 0.025 |  0.220 |    5.223 |  0.097 |  0.194 |  0.201 |  0.220 |  0.055 |    51.000 |     53.000 |     2796.000 |    51.778 |
|    52 |   0 |    52 |    0 |   0 |   0 | GET    | /api/owner/sales              | 0.030 |  0.228 |    4.885 |  0.094 |  0.158 |  0.195 |  0.228 |  0.050 |   388.000 |   8997.000 |    33921.000 |   652.327 |
|    25 |   0 |    25 |    0 |   0 |   0 | POST   | /rides/.*/evaluation          | 0.050 |  0.383 |    4.226 |  0.169 |  0.296 |  0.326 |  0.383 |  0.083 |    30.000 |     30.000 |      750.000 |    30.000 |
|     1 |   0 |     1 |    0 |   0 |   0 | POST   | /api/initialize               | 2.621 |  2.621 |    2.621 |  2.621 |  2.621 |  2.621 |  2.621 |  0.000 |    19.000 |     19.000 |       19.000 |    19.000 |
|    58 |   0 |    58 |    0 |   0 |   0 | POST   | /api/app/rides/estimated-fare | 0.006 |  0.719 |    2.596 |  0.045 |  0.070 |  0.092 |  0.719 |  0.092 |    26.000 |     29.000 |     1622.000 |    27.966 |
|    43 |   0 |    43 |    0 |   0 |   0 | POST   | /api/app/users                | 0.008 |  0.160 |    1.971 |  0.046 |  0.092 |  0.114 |  0.160 |  0.035 |    86.000 |     86.000 |     3698.000 |    86.000 |
|    26 |   0 |    26 |    0 |   0 |   0 | POST   | /api/chair/chairs             | 0.007 |  0.090 |    0.457 |  0.018 |  0.034 |  0.048 |  0.090 |  0.018 |    75.000 |     75.000 |     1950.000 |    75.000 |
|  4432 |   0 |  1124 | 3308 |   0 |   0 | GET    | /assets/.*                    | 0.000 |  0.006 |    0.088 |  0.000 |  0.000 |  0.000 |  0.000 |  0.000 |     0.000 | 184569.000 | 17385419.000 |  3922.703 |
|     1 |   0 |     1 |    0 |   0 |   0 | GET    | /api/owner/sales?             | 0.067 |  0.067 |    0.067 |  0.067 |  0.067 |  0.067 |  0.067 |  0.000 |  9163.000 |   9163.000 |     9163.000 |  9163.000 |
|     5 |   0 |     5 |    0 |   0 |   0 | POST   | /api/owner/owners             | 0.009 |  0.014 |    0.055 |  0.011 |  0.014 |  0.014 |  0.014 |  0.002 |   125.000 |    125.000 |      625.000 |   125.000 |
|  1379 |   0 |   398 |  981 |   0 |   0 | GET    | /images/.*                    | 0.000 |  0.004 |    0.004 |  0.000 |  0.000 |  0.000 |  0.000 |  0.000 |     0.000 | 549793.000 | 10387046.000 |  7532.303 |
|   103 |   0 |     6 |   97 |   0 |   0 | GET    | /owner                        | 0.000 |  0.000 |    0.000 |  0.000 |  0.000 |  0.000 |  0.000 |  0.000 |     0.000 |    704.000 |     4224.000 |    41.010 |
|     1 |   0 |     1 |    0 |   0 |   0 | GET    | /index.html                   | 0.000 |  0.000 |    0.000 |  0.000 |  0.000 |  0.000 |  0.000 |  0.000 |   704.000 |    704.000 |      704.000 |   704.000 |
|     1 |   0 |     1 |    0 |   0 |   0 | GET    | /apple-touch-icon-180x180.png | 0.000 |  0.000 |    0.000 |  0.000 |  0.000 |  0.000 |  0.000 |  0.000 |  1020.000 |   1020.000 |     1020.000 |  1020.000 |
|     1 |   0 |     1 |    0 |   0 |   0 | GET    | /favicon-128x128.png          | 0.000 |  0.000 |    0.000 |  0.000 |  0.000 |  0.000 |  0.000 |  0.000 |   783.000 |    783.000 |      783.000 |   783.000 |
|   153 |   0 |    44 |  109 |   0 |   0 | GET    | /client                       | 0.000 |  0.000 |    0.000 |  0.000 |  0.000 |  0.000 |  0.000 |  0.000 |     0.000 |    704.000 |    30976.000 |   202.458 |
|   255 |   0 |    49 |  206 |   0 |   0 | GET    | /favicon-32x32.png            | 0.000 |  0.000 |    0.000 |  0.000 |  0.000 |  0.000 |  0.000 |  0.000 |     0.000 |    336.000 |    16464.000 |    64.565 |
|   255 |   0 |    49 |  206 |   0 |   0 | GET    | /favicon.ico                  | 0.000 |  0.000 |    0.000 |  0.000 |  0.000 |  0.000 |  0.000 |  0.000 |     0.000 |  16958.000 |   830942.000 |  3258.596 |
+-------+-----+-------+------+-----+-----+--------+-------------------------------+-------+--------+----------+--------+--------+--------+--------+--------+-----------+------------+--------------+-----------+
