+-------+-----+------+------+-----+-----+--------+-------------------------------+-------+--------+----------+--------+--------+--------+--------+--------+-----------+------------+--------------+-----------+
| COUNT | 1XX | 2XX  | 3XX  | 4XX | 5XX | METHOD |              URI              |  MIN  |  MAX   |   SUM    |  AVG   |  P90   |  P95   |  P99   | STDDEV | MIN(BODY) | MAX(BODY)  |  SUM(BODY)   | AVG(BODY) |
+-------+-----+------+------+-----+-----+--------+-------------------------------+-------+--------+----------+--------+--------+--------+--------+--------+-----------+------------+--------------+-----------+
|    49 |   0 |   33 |    0 |  16 |   0 | GET    | /api/chair/notification       | 4.862 | 59.994 | 1532.258 | 31.271 | 59.938 | 59.971 | 59.994 | 25.397 | 48922.000 | 179994.000 |  2597466.000 | 53009.510 |
|    66 |   0 |   66 |    0 |   0 |   0 | GET    | /api/app/notification         | 5.550 | 37.379 | 1392.414 | 21.097 | 32.040 | 33.328 | 37.379 |  7.622 | 16154.000 | 130842.000 |  5211316.000 | 78959.333 |
|    96 |   0 |   96 |    0 |   0 |   0 | GET    | /api/owner/chairs             | 0.179 |  4.217 |  197.968 |  2.062 |  2.596 |  2.789 |  4.217 |  0.604 |   563.000 |  18979.000 |   100001.000 |  1041.677 |
|  1626 |   0 | 1626 |    0 |   0 |   0 | POST   | /api/chair/coordinate         | 0.011 |  2.548 |  156.002 |  0.096 |  0.149 |  0.351 |  1.072 |  0.219 |    29.000 |     29.000 |    47154.000 |    29.000 |
|    87 |   0 |   85 |    0 |   0 |   2 | GET    | /api/internal/matching        | 0.001 |  4.749 |   27.578 |  0.317 |  0.797 |  0.911 |  4.749 |  0.605 |     0.000 |   5655.000 |     5821.000 |    66.908 |
|    84 |   0 |   84 |    0 |   0 |   0 | GET    | /api/app/nearby-chairs        | 0.035 |  1.088 |   25.678 |  0.306 |  0.609 |  0.737 |  1.088 |  0.220 |    42.000 |   1133.000 |    26049.000 |   310.107 |
|    29 |   0 |   29 |    0 |   0 |   0 | POST   | /api/chair/activity           | 0.014 |  2.138 |   23.684 |  0.817 |  2.079 |  2.098 |  2.138 |  0.901 |     0.000 |      0.000 |        0.000 |     0.000 |
|    59 |   0 |   59 |    0 |   0 |   0 | POST   | /api/app/payment-methods      | 0.013 |  2.114 |   23.303 |  0.395 |  2.050 |  2.089 |  2.114 |  0.718 |     0.000 |      0.000 |        0.000 |     0.000 |
|    83 |   0 |   83 |    0 |   0 |   0 | POST   | /rides/.*/status              | 0.015 |  1.904 |   11.816 |  0.142 |  0.315 |  0.610 |  1.904 |  0.330 |     0.000 |      0.000 |        0.000 |     0.000 |
|    71 |   0 |   70 |    0 |   1 |   0 | POST   | /api/app/rides/estimated-fare | 0.003 |  4.818 |   10.249 |  0.144 |  0.219 |  0.559 |  4.818 |  0.580 |     0.000 |     29.000 |     1972.000 |    27.775 |
|    59 |   0 |   59 |    0 |   0 |   0 | POST   | /api/app/users                | 0.008 |  1.756 |   10.104 |  0.171 |  0.444 |  1.261 |  1.756 |  0.378 |    86.000 |     86.000 |     5074.000 |    86.000 |
|    57 |   0 |   57 |    0 |   0 |   0 | GET    | /api/owner/sales              | 0.026 |  1.318 |    9.650 |  0.169 |  0.400 |  1.227 |  1.318 |  0.282 |   341.000 |   8997.000 |    36839.000 |   646.298 |
|    33 |   0 |   33 |    0 |   0 |   0 | POST   | /rides/.*/evaluation          | 0.058 |  2.525 |    8.997 |  0.273 |  0.214 |  1.832 |  2.525 |  0.516 |    30.000 |     30.000 |      990.000 |    30.000 |
|    87 |   0 |   87 |    0 |   0 |   0 | GET    | /api/app/rides                | 0.005 |  1.605 |    7.745 |  0.089 |  0.183 |  0.296 |  1.605 |  0.212 |    12.000 |   2146.000 |    10559.000 |   121.368 |
|    66 |   0 |   66 |    0 |   0 |   0 | POST   | /api/app/rides                | 0.012 |  0.513 |    7.492 |  0.114 |  0.334 |  0.391 |  0.513 |  0.122 |    51.000 |     52.000 |     3417.000 |    51.773 |
|     1 |   0 |    1 |    0 |   0 |   0 | POST   | /api/initialize               | 2.606 |  2.606 |    2.606 |  2.606 |  2.606 |  2.606 |  2.606 |  0.000 |    19.000 |     19.000 |       19.000 |    19.000 |
|    29 |   0 |   29 |    0 |   0 |   0 | POST   | /api/chair/chairs             | 0.007 |  0.255 |    0.814 |  0.028 |  0.050 |  0.082 |  0.255 |  0.046 |    75.000 |     75.000 |     2175.000 |    75.000 |
|  4906 |   0 | 1492 | 3414 |   0 |   0 | GET    | /assets/.*                    | 0.000 |  0.009 |    0.162 |  0.000 |  0.000 |  0.000 |  0.001 |  0.000 |    26.000 | 184569.000 | 23043931.000 |  4697.092 |
|     5 |   0 |    5 |    0 |   0 |   0 | POST   | /api/owner/owners             | 0.007 |  0.046 |    0.081 |  0.016 |  0.046 |  0.046 |  0.046 |  0.015 |   125.000 |    125.000 |      625.000 |   125.000 |
|     1 |   0 |    1 |    0 |   0 |   0 | GET    | /api/owner/sales?             | 0.048 |  0.048 |    0.048 |  0.048 |  0.048 |  0.048 |  0.048 |  0.000 |  9163.000 |   9163.000 |     9163.000 |  9163.000 |
|   101 |   0 |    6 |   95 |   0 |   0 | GET    | /owner                        | 0.000 |  0.000 |    0.000 |  0.000 |  0.000 |  0.000 |  0.000 |  0.000 |     0.000 |    704.000 |     4224.000 |    41.822 |
|   277 |   0 |   65 |  212 |   0 |   0 | GET    | /favicon.ico                  | 0.000 |  0.000 |    0.000 |  0.000 |  0.000 |  0.000 |  0.000 |  0.000 | 16958.000 |  16958.000 |  1102270.000 |  3979.314 |
|   277 |   0 |   65 |  212 |   0 |   0 | GET    | /favicon-32x32.png            | 0.000 |  0.000 |    0.000 |  0.000 |  0.000 |  0.000 |  0.000 |  0.000 |   336.000 |    336.000 |    21840.000 |    78.845 |
|     1 |   0 |    1 |    0 |   0 |   0 | GET    | /apple-touch-icon-180x180.png | 0.000 |  0.000 |    0.000 |  0.000 |  0.000 |  0.000 |  0.000 |  0.000 |  1020.000 |   1020.000 |     1020.000 |  1020.000 |
|     1 |   0 |    1 |    0 |   0 |   0 | GET    | /index.html                   | 0.000 |  0.000 |    0.000 |  0.000 |  0.000 |  0.000 |  0.000 |  0.000 |   704.000 |    704.000 |      704.000 |   704.000 |
|     1 |   0 |    1 |    0 |   0 |   0 | GET    | /favicon-128x128.png          | 0.000 |  0.000 |    0.000 |  0.000 |  0.000 |  0.000 |  0.000 |  0.000 |   783.000 |    783.000 |      783.000 |   783.000 |
|   177 |   0 |   60 |  117 |   0 |   0 | GET    | /client                       | 0.000 |  0.000 |    0.000 |  0.000 |  0.000 |  0.000 |  0.000 |  0.000 |   704.000 |    704.000 |    42240.000 |   238.644 |
|  1595 |   0 |  542 | 1053 |   0 |   0 | GET    | /images/.*                    | 0.000 |  0.000 |    0.000 |  0.000 |  0.000 |  0.000 |  0.000 |  0.000 |  2903.000 | 549793.000 | 13962502.000 |  8753.920 |
+-------+-----+------+------+-----+-----+--------+-------------------------------+-------+--------+----------+--------+--------+--------+--------+--------+-----------+------------+--------------+-----------+
