+-------+-----+------+-----+-----+-----+--------+------------------------------------------------------+-------+-------+----------+-------+-------+-------+-------+--------+------------+------------+-------------+------------+
| COUNT | 1XX | 2XX  | 3XX | 4XX | 5XX | METHOD |                         URI                          |  MIN  |  MAX  |   SUM    |  AVG  |  P90  |  P95  |  P99  | STDDEV | MIN(BODY)  | MAX(BODY)  |  SUM(BODY)  | AVG(BODY)  |
+-------+-----+------+-----+-----+-----+--------+------------------------------------------------------+-------+-------+----------+-------+-------+-------+-------+--------+------------+------------+-------------+------------+
|  7156 |   0 | 7136 |   0 |  20 |   0 | GET    | /api/chair/notification                              | 0.008 | 2.219 | 1083.883 | 0.151 | 0.310 | 0.389 | 0.539 |  0.147 |      0.000 |    270.000 |  776615.000 |    108.526 |
|  1618 |   0 | 1605 |   0 |  13 |   0 | GET    | /api/app/notification                                | 0.006 | 1.317 |  545.596 | 0.337 | 0.548 | 0.615 | 0.766 |  0.154 |     34.000 |    439.000 |  610338.000 |    377.218 |
|  1660 |   0 | 1660 |   0 |   0 |   0 | POST   | /api/chair/coordinate                                | 0.047 | 2.229 |  397.095 | 0.239 | 0.374 | 0.431 | 0.626 |  0.151 |     29.000 |     29.000 |   48140.000 |     29.000 |
|    56 |   0 |   56 |   0 |   0 |   0 | GET    | /api/owner/chairs                                    | 0.217 | 4.942 |  225.328 | 4.024 | 4.707 | 4.872 | 4.942 |  0.623 |    612.000 |  18979.000 |   62251.000 |   1111.625 |
|    27 |   0 |   26 |   0 |   1 |   0 | GET    | /api/app/nearby-chairs                               | 0.005 | 6.226 |  127.563 | 4.725 | 5.753 | 5.850 | 6.226 |  1.084 |     34.000 |    903.000 |   10145.000 |    375.741 |
|    21 |   0 |   21 |   0 |   0 |   0 | POST   | /api/chair/activity                                  | 0.093 | 1.953 |   20.734 | 0.987 | 1.806 | 1.847 | 1.953 |  0.726 |      0.000 |      0.000 |       0.000 |      0.000 |
|    14 |   0 |   14 |   0 |   0 |   0 | POST   | /api/app/payment-methods                             | 0.075 | 2.218 |   18.976 | 1.355 | 2.110 | 2.218 | 2.218 |  0.810 |      0.000 |      0.000 |       0.000 |      0.000 |
|    24 |   0 |   24 |   0 |   0 |   0 | GET    | /api/owner/sales                                     | 0.149 | 0.897 |   12.137 | 0.506 | 0.665 | 0.722 | 0.897 |  0.157 |    399.000 |   8997.000 |   19142.000 |    797.583 |
|   216 |   0 |  215 |   0 |   0 |   1 | GET    | /api/internal/matching                               | 0.001 | 1.327 |   11.797 | 0.055 | 0.101 | 0.349 | 0.946 |  0.172 |      0.000 |    166.000 |     166.000 |      0.769 |
|    31 |   0 |   29 |   0 |   2 |   0 | GET    | /api/app/rides                                       | 0.003 | 0.538 |    6.274 | 0.202 | 0.405 | 0.537 | 0.538 |  0.160 |     12.000 |   2146.000 |    9315.000 |    300.484 |
|    23 |   0 |   23 |   0 |   0 |   0 | POST   | /api/app/rides                                       | 0.073 | 0.677 |    5.763 | 0.251 | 0.462 | 0.474 | 0.677 |  0.140 |     51.000 |     52.000 |    1189.000 |     51.696 |
|    27 |   0 |   27 |   0 |   0 |   0 | POST   | /api/app/rides/estimated-fare                        | 0.003 | 0.350 |    2.092 | 0.077 | 0.155 | 0.182 | 0.350 |  0.073 |     26.000 |     29.000 |     742.000 |     27.481 |
|     1 |   0 |    1 |   0 |   0 |   0 | POST   | /api/initialize                                      | 1.909 | 1.909 |    1.909 | 1.909 | 1.909 | 1.909 | 1.909 |  0.000 |     19.000 |     19.000 |      19.000 |     19.000 |
|     1 |   0 |    1 |   0 |   0 |   0 | POST   | /api/app/rides/01JEHY75Z9N4GQ0RPGYPHCC8RZ/evaluation | 0.550 | 0.550 |    0.550 | 0.550 | 0.550 | 0.550 | 0.550 |  0.000 |     30.000 |     30.000 |      30.000 |     30.000 |
|    14 |   0 |   14 |   0 |   0 |   0 | POST   | /api/app/users                                       | 0.008 | 0.144 |    0.539 | 0.038 | 0.118 | 0.144 | 0.144 |  0.044 |     86.000 |     86.000 |    1204.000 |     86.000 |
|     1 |   0 |    1 |   0 |   0 |   0 | POST   | /api/app/rides/01JEHY75SFZN0PE6NCTVA3N9CM/evaluation | 0.479 | 0.479 |    0.479 | 0.479 | 0.479 | 0.479 | 0.479 |  0.000 |     30.000 |     30.000 |      30.000 |     30.000 |
|     2 |   0 |    2 |   0 |   0 |   0 | POST   | /api/chair/rides/01JEHY86ED31PD2FGG0RWP9J93/status   | 0.108 | 0.347 |    0.455 | 0.227 | 0.347 | 0.347 | 0.347 |  0.119 |      0.000 |      0.000 |       0.000 |      0.000 |
|     1 |   0 |    1 |   0 |   0 |   0 | POST   | /api/app/rides/01JEHY753M5KKEZ973JF8JX9CB/evaluation | 0.416 | 0.416 |    0.416 | 0.416 | 0.416 | 0.416 | 0.416 |  0.000 |     30.000 |     30.000 |      30.000 |     30.000 |
|     2 |   0 |    2 |   0 |   0 |   0 | POST   | /api/chair/rides/01JEHY753M5KKEZ973JF8JX9CB/status   | 0.161 | 0.227 |    0.388 | 0.194 | 0.227 | 0.227 | 0.227 |  0.033 |      0.000 |      0.000 |       0.000 |      0.000 |
|     2 |   0 |    2 |   0 |   0 |   0 | POST   | /api/chair/rides/01JEHY7XFDF6TGNN2001BPJYMY/status   | 0.128 | 0.247 |    0.375 | 0.188 | 0.247 | 0.247 | 0.247 |  0.059 |      0.000 |      0.000 |       0.000 |      0.000 |
|     1 |   0 |    1 |   0 |   0 |   0 | POST   | /api/app/rides/01JEHY82SNPF6ZMMRR8PKYV302/evaluation | 0.373 | 0.373 |    0.373 | 0.373 | 0.373 | 0.373 | 0.373 |  0.000 |     30.000 |     30.000 |      30.000 |     30.000 |
|     1 |   0 |    1 |   0 |   0 |   0 | POST   | /api/app/rides/01JEHY7XFDF6TGNN2001BPJYMY/evaluation | 0.364 | 0.364 |    0.364 | 0.364 | 0.364 | 0.364 | 0.364 |  0.000 |     30.000 |     30.000 |      30.000 |     30.000 |
|     2 |   0 |    2 |   0 |   0 |   0 | POST   | /api/chair/rides/01JEHY807PBZCF6YCHZE8RT4AR/status   | 0.132 | 0.209 |    0.341 | 0.170 | 0.209 | 0.209 | 0.209 |  0.038 |      0.000 |      0.000 |       0.000 |      0.000 |
|     1 |   0 |    1 |   0 |   0 |   0 | POST   | /api/app/rides/01JEHY75AVSGTM55YQ8P2JJVR7/evaluation | 0.331 | 0.331 |    0.331 | 0.331 | 0.331 | 0.331 | 0.331 |  0.000 |     30.000 |     30.000 |      30.000 |     30.000 |
|     2 |   0 |    2 |   0 |   0 |   0 | POST   | /api/chair/rides/01JEHY75AVSGTM55YQ8P2JJVR7/status   | 0.151 | 0.176 |    0.327 | 0.163 | 0.176 | 0.176 | 0.176 |  0.012 |      0.000 |      0.000 |       0.000 |      0.000 |
|    21 |   0 |   21 |   0 |   0 |   0 | POST   | /api/chair/chairs                                    | 0.007 | 0.080 |    0.313 | 0.015 | 0.022 | 0.027 | 0.080 |  0.015 |     75.000 |     75.000 |    1575.000 |     75.000 |
|     2 |   0 |    2 |   0 |   0 |   0 | POST   | /api/chair/rides/01JEHY796TTKT7ZKZ7N23FD6EC/status   | 0.146 | 0.166 |    0.312 | 0.156 | 0.166 | 0.166 | 0.166 |  0.010 |      0.000 |      0.000 |       0.000 |      0.000 |
|     1 |   0 |    1 |   0 |   0 |   0 | POST   | /api/app/rides/01JEHY796TTKT7ZKZ7N23FD6EC/evaluation | 0.293 | 0.293 |    0.293 | 0.293 | 0.293 | 0.293 | 0.293 |  0.000 |     30.000 |     30.000 |      30.000 |     30.000 |
|     2 |   0 |    2 |   0 |   0 |   0 | POST   | /api/chair/rides/01JEHY82SNPF6ZMMRR8PKYV302/status   | 0.052 | 0.239 |    0.291 | 0.145 | 0.239 | 0.239 | 0.239 |  0.093 |      0.000 |      0.000 |       0.000 |      0.000 |
|     1 |   0 |    1 |   0 |   0 |   0 | POST   | /api/app/rides/01JEHY807PBZCF6YCHZE8RT4AR/evaluation | 0.291 | 0.291 |    0.291 | 0.291 | 0.291 | 0.291 | 0.291 |  0.000 |     30.000 |     30.000 |      30.000 |     30.000 |
|     1 |   0 |    1 |   0 |   0 |   0 | POST   | /api/chair/rides/01JEHY86Q9RFQCDAVZ51MDVC52/status   | 0.260 | 0.260 |    0.260 | 0.260 | 0.260 | 0.260 | 0.260 |  0.000 |      0.000 |      0.000 |       0.000 |      0.000 |
|     1 |   0 |    1 |   0 |   0 |   0 | POST   | /api/app/rides/01JEHY757Q8GD9DMH1QSJFSZRH/evaluation | 0.257 | 0.257 |    0.257 | 0.257 | 0.257 | 0.257 | 0.257 |  0.000 |     30.000 |     30.000 |      30.000 |     30.000 |
|     2 |   0 |    2 |   0 |   0 |   0 | POST   | /api/chair/rides/01JEHY82ZK9N9Z3A4M99JX4YKY/status   | 0.091 | 0.152 |    0.243 | 0.121 | 0.152 | 0.152 | 0.152 |  0.030 |      0.000 |      0.000 |       0.000 |      0.000 |
|     2 |   0 |    2 |   0 |   0 |   0 | POST   | /api/chair/rides/01JEHY75SFZN0PE6NCTVA3N9CM/status   | 0.081 | 0.160 |    0.241 | 0.120 | 0.160 | 0.160 | 0.160 |  0.040 |      0.000 |      0.000 |       0.000 |      0.000 |
|     1 |   0 |    1 |   0 |   0 |   0 | POST   | /api/chair/rides/01JEHY87W2S9VXE4QXK49PZ2Q8/status   | 0.206 | 0.206 |    0.206 | 0.206 | 0.206 | 0.206 | 0.206 |  0.000 |      0.000 |      0.000 |       0.000 |      0.000 |
|     1 |   0 |    1 |   0 |   0 |   0 | POST   | /api/chair/rides/01JEHY75H7FKFZ3A2758FEXE1R/status   | 0.206 | 0.206 |    0.206 | 0.206 | 0.206 | 0.206 | 0.206 |  0.000 |      0.000 |      0.000 |       0.000 |      0.000 |
|     2 |   0 |    2 |   0 |   0 |   0 | POST   | /api/chair/rides/01JEHY757Q8GD9DMH1QSJFSZRH/status   | 0.088 | 0.117 |    0.205 | 0.103 | 0.117 | 0.117 | 0.117 |  0.015 |      0.000 |      0.000 |       0.000 |      0.000 |
|     1 |   0 |    1 |   0 |   0 |   0 | GET    | /api/owner/sales?                                    | 0.204 | 0.204 |    0.204 | 0.204 | 0.204 | 0.204 | 0.204 |  0.000 |   9163.000 |   9163.000 |    9163.000 |   9163.000 |
|     2 |   0 |    2 |   0 |   0 |   0 | POST   | /api/chair/rides/01JEHY75Z9N4GQ0RPGYPHCC8RZ/status   | 0.049 | 0.123 |    0.172 | 0.086 | 0.123 | 0.123 | 0.123 |  0.037 |      0.000 |      0.000 |       0.000 |      0.000 |
|     1 |   0 |    1 |   0 |   0 |   0 | POST   | /api/chair/rides/01JEHY759YCBS7ZW4HGX75YEW0/status   | 0.155 | 0.155 |    0.155 | 0.155 | 0.155 | 0.155 | 0.155 |  0.000 |      0.000 |      0.000 |       0.000 |      0.000 |
|     2 |   0 |    2 |   0 |   0 |   0 | POST   | /api/chair/rides/01JEHY86B1RFAKNKDP5MJGG6KJ/status   | 0.058 | 0.096 |    0.154 | 0.077 | 0.096 | 0.096 | 0.096 |  0.019 |      0.000 |      0.000 |       0.000 |      0.000 |
|     1 |   0 |    1 |   0 |   0 |   0 | POST   | /api/chair/rides/01JEHY84GQBNCT3NSZH15E5VBM/status   | 0.125 | 0.125 |    0.125 | 0.125 | 0.125 | 0.125 | 0.125 |  0.000 |      0.000 |      0.000 |       0.000 |      0.000 |
|     1 |   0 |    1 |   0 |   0 |   0 | POST   | /api/chair/rides/01JEHY8P9QD9T8MF2AMVM6MW4R/status   | 0.109 | 0.109 |    0.109 | 0.109 | 0.109 | 0.109 | 0.109 |  0.000 |      0.000 |      0.000 |       0.000 |      0.000 |
|     1 |   0 |    1 |   0 |   0 |   0 | POST   | /api/chair/rides/01JEHY75HP3C08Z98TE2WMCH3H/status   | 0.094 | 0.094 |    0.094 | 0.094 | 0.094 | 0.094 | 0.094 |  0.000 |      0.000 |      0.000 |       0.000 |      0.000 |
|     1 |   0 |    1 |   0 |   0 |   0 | POST   | /api/chair/rides/01JEHY8H8Q7VJGT6WB982H1VWH/status   | 0.089 | 0.089 |    0.089 | 0.089 | 0.089 | 0.089 | 0.089 |  0.000 |      0.000 |      0.000 |       0.000 |      0.000 |
|     1 |   0 |    1 |   0 |   0 |   0 | POST   | /api/chair/rides/01JEHY79E7J0FW6YK5JCDCNZH6/status   | 0.088 | 0.088 |    0.088 | 0.088 | 0.088 | 0.088 | 0.088 |  0.000 |      0.000 |      0.000 |       0.000 |      0.000 |
|     5 |   0 |    5 |   0 |   0 |   0 | POST   | /api/owner/owners                                    | 0.008 | 0.022 |    0.080 | 0.016 | 0.022 | 0.022 | 0.022 |  0.005 |    125.000 |    125.000 |     625.000 |    125.000 |
|   110 |   0 |   20 |  90 |   0 |   0 | GET    | /assets/components-Cbm4tYXz.js                       | 0.000 | 0.011 |    0.027 | 0.000 | 0.001 | 0.001 | 0.005 |  0.001 |      0.000 | 184569.000 | 3691380.000 |  33558.000 |
|     1 |   0 |    1 |   0 |   0 |   0 | POST   | /api/chair/rides/01JEHY7QPWYD6V0W1K5PQNBQSG/status   | 0.022 | 0.022 |    0.022 | 0.022 | 0.022 | 0.022 | 0.022 |  0.000 |      0.000 |      0.000 |       0.000 |      0.000 |
|     1 |   0 |    0 |   0 |   1 |   0 | POST   | /api/app/rides/01JEHXYB6YRNSFGFN6GGWFWWNX/evaluation | 0.006 | 0.006 |    0.006 | 0.006 | 0.006 | 0.006 | 0.006 |  0.000 |     34.000 |     34.000 |      34.000 |     34.000 |
|     1 |   0 |    1 |   0 |   0 |   0 | GET    | /images/top-bg.png                                   | 0.001 | 0.001 |    0.001 | 0.001 | 0.001 | 0.001 | 0.001 |  0.000 | 549793.000 | 549793.000 |  549793.000 | 549793.000 |
|     2 |   0 |    2 |   0 |   0 |   0 | GET    | /assets/route-DGKaubqO.js                            | 0.000 | 0.000 |    0.000 | 0.000 | 0.000 | 0.000 | 0.000 |  0.000 |   1495.000 |   1495.000 |    2990.000 |   1495.000 |
|     2 |   0 |    2 |   0 |   0 |   0 | GET    | /assets/route-Bhv1gox0.js                            | 0.000 | 0.000 |    0.000 | 0.000 | 0.000 | 0.000 | 0.000 |  0.000 |   2361.000 |   2361.000 |    4722.000 |   2361.000 |
|     1 |   0 |    1 |   0 |   0 |   0 | GET    | /assets/manifest-866aa79a.js                         | 0.000 | 0.000 |    0.000 | 0.000 | 0.000 | 0.000 | 0.000 |  0.000 |   9192.000 |   9192.000 |    9192.000 |   9192.000 |
|   110 |   0 |   20 |  90 |   0 |   0 | GET    | /assets/root-BoSp76zW.css                            | 0.000 | 0.000 |    0.000 | 0.000 | 0.000 | 0.000 | 0.000 |  0.000 |      0.000 |  26579.000 |  531580.000 |   4832.545 |
|     1 |   0 |    1 |   0 |   0 |   0 | GET    | /assets/route-qjNoFN43.js                            | 0.000 | 0.000 |    0.000 | 0.000 | 0.000 | 0.000 | 0.000 |  0.000 |   2937.000 |   2937.000 |    2937.000 |   2937.000 |
|    15 |   0 |   15 |   0 |   0 |   0 | GET    | /assets/responses-Cu7_GOWP.js                        | 0.000 | 0.000 |    0.000 | 0.000 | 0.000 | 0.000 | 0.000 |  0.000 |    350.000 |    350.000 |    5250.000 |    350.000 |
|    62 |   0 |    7 |  55 |   0 |   0 | GET    | /assets/account-switch-C7WpOYxZ.js                   | 0.000 | 0.000 |    0.000 | 0.000 | 0.000 | 0.000 | 0.000 |  0.000 |    553.000 |    553.000 |    3871.000 |     62.435 |
|   110 |   0 |   20 |  90 |   0 |   0 | GET    | /assets/api-components-dDIZztSJ.js                   | 0.000 | 0.000 |    0.000 | 0.000 | 0.000 | 0.000 | 0.000 |  0.000 |      0.000 |   2007.000 |   40140.000 |    364.909 |
|   110 |   0 |   20 |  90 |   0 |   0 | GET    | /assets/get-cookie-value-B3QhECDc.js                 | 0.000 | 0.000 |    0.000 | 0.000 | 0.000 | 0.000 | 0.000 |  0.000 |      0.000 |    110.000 |    2200.000 |     20.000 |
|     1 |   0 |    1 |   0 |   0 |   0 | GET    | /assets/route-BkJsE9q1.js                            | 0.000 | 0.000 |    0.000 | 0.000 | 0.000 | 0.000 | 0.000 |  0.000 |   1496.000 |   1496.000 |    1496.000 |   1496.000 |
|    50 |   0 |   15 |  35 |   0 |   0 | GET    | /assets/storage-Coaj7Roq.js                          | 0.000 | 0.000 |    0.000 | 0.000 | 0.000 | 0.000 | 0.000 |  0.000 |      0.000 |    711.000 |   10665.000 |    213.300 |
|    50 |   0 |   15 |  35 |   0 |   0 | GET    | /images/buildings4.svg                               | 0.000 | 0.000 |    0.000 | 0.000 | 0.000 | 0.000 | 0.000 |  0.000 |      0.000 |   4582.000 |   68730.000 |   1374.600 |
|    61 |   0 |    6 |  55 |   0 |   0 | GET    | /owner                                               | 0.000 | 0.000 |    0.000 | 0.000 | 0.000 | 0.000 | 0.000 |  0.000 |      0.000 |    704.000 |    4224.000 |     69.246 |
|    75 |   0 |   20 |  55 |   0 |   0 | GET    | /assets/button-CS9qg6Tt.js                           | 0.000 | 0.000 |    0.000 | 0.000 | 0.000 | 0.000 | 0.000 |  0.000 |      0.000 |    843.000 |   16860.000 |    224.800 |
|   110 |   0 |   20 |  90 |   0 |   0 | GET    | /assets/jsx-runtime-56DGgGmo.js                      | 0.000 | 0.000 |    0.000 | 0.000 | 0.000 | 0.000 | 0.000 |  0.000 |      0.000 |   8107.000 |  162140.000 |   1474.000 |
|   110 |   0 |   20 |  90 |   0 |   0 | GET    | /assets/colors-DB9lnfSt.js                           | 0.000 | 0.000 |    0.000 | 0.000 | 0.000 | 0.000 | 0.000 |  0.000 |      0.000 |   5678.000 |  113560.000 |   1032.364 |
|     1 |   0 |    1 |   0 |   0 |   0 | GET    | /images/top-logo.svg                                 | 0.000 | 0.000 |    0.000 | 0.000 | 0.000 | 0.000 | 0.000 |  0.000 |   4749.000 |   4749.000 |    4749.000 |   4749.000 |
|     1 |   0 |    1 |   0 |   0 |   0 | GET    | /assets/route-BE5HJ0d6.js                            | 0.000 | 0.000 |    0.000 | 0.000 | 0.000 | 0.000 | 0.000 |  0.000 |   3303.000 |   3303.000 |    3303.000 |   3303.000 |
|   110 |   0 |   20 |  90 |   0 |   0 | GET    | /assets/bundle-mjs-Dnoi3Axr.js                       | 0.000 | 0.000 |    0.000 | 0.000 | 0.000 | 0.000 | 0.000 |  0.000 |      0.000 |  19912.000 |  398240.000 |   3620.364 |
|   110 |   0 |   20 |  90 |   0 |   0 | GET    | /favicon-32x32.png                                   | 0.000 | 0.000 |    0.000 | 0.000 | 0.000 | 0.000 | 0.000 |  0.000 |      0.000 |    336.000 |    6720.000 |     61.091 |
|    50 |   0 |   15 |  35 |   0 |   0 | GET    | /images/buildings5.svg                               | 0.000 | 0.000 |    0.000 | 0.000 | 0.000 | 0.000 | 0.000 |  0.000 |      0.000 |   9858.000 |  147870.000 |   2957.400 |
|    20 |   0 |   20 |   0 |   0 |   0 | GET    | /assets/form-frame-AzQ8YT1a.js                       | 0.000 | 0.000 |    0.000 | 0.000 | 0.000 | 0.000 | 0.000 |  0.000 |    824.000 |    824.000 |   16480.000 |    824.000 |
|   110 |   0 |   20 |  90 |   0 |   0 | GET    | /assets/entry.client-BwsCJ-uh.js                     | 0.000 | 0.000 |    0.000 | 0.000 | 0.000 | 0.000 | 0.000 |  0.000 |      0.000 |   4135.000 |   82700.000 |    751.818 |
|    50 |   0 |   15 |  35 |   0 |   0 | GET    | /images/town.svg                                     | 0.000 | 0.000 |    0.000 | 0.000 | 0.000 | 0.000 | 0.000 |  0.000 |      0.000 | 128735.000 | 1931025.000 |  38620.500 |
|    50 |   0 |   15 |  35 |   0 |   0 | GET    | /images/buildings3.svg                               | 0.000 | 0.000 |    0.000 | 0.000 | 0.000 | 0.000 | 0.000 |  0.000 |      0.000 |  23793.000 |  356895.000 |   7137.900 |
|    50 |   0 |   15 |  35 |   0 |   0 | GET    | /images/buildings1.svg                               | 0.000 | 0.000 |    0.000 | 0.000 | 0.000 | 0.000 | 0.000 |  0.000 |      0.000 |  13886.000 |  208290.000 |   4165.800 |
|    55 |   0 |   20 |  35 |   0 |   0 | GET    | /assets/text-DfCqYLRl.js                             | 0.000 | 0.000 |    0.000 | 0.000 | 0.000 | 0.000 | 0.000 |  0.000 |      0.000 |    505.000 |   10100.000 |    183.636 |
|     2 |   0 |    2 |   0 |   0 |   0 | GET    | /assets/route-Ckv8UtcK.js                            | 0.000 | 0.000 |    0.000 | 0.000 | 0.000 | 0.000 | 0.000 |  0.000 |   1148.000 |   1148.000 |    2296.000 |   1148.000 |
|    15 |   0 |   15 |   0 |   0 |   0 | GET    | /assets/route-BbZUnrjQ.js                            | 0.000 | 0.000 |    0.000 | 0.000 | 0.000 | 0.000 | 0.000 |  0.000 |   1029.000 |   1029.000 |   15435.000 |   1029.000 |
|    50 |   0 |   15 |  35 |   0 |   0 | GET    | /images/buildings6.svg                               | 0.000 | 0.000 |    0.000 | 0.000 | 0.000 | 0.000 | 0.000 |  0.000 |      0.000 |   9454.000 |  141810.000 |   2836.200 |
|     1 |   0 |    1 |   0 |   0 |   0 | GET    | /assets/post-message-C3RbgkUr.js                     | 0.000 | 0.000 |    0.000 | 0.000 | 0.000 | 0.000 | 0.000 |  0.000 |    367.000 |    367.000 |     367.000 |    367.000 |
|     1 |   0 |    1 |   0 |   0 |   0 | GET    | /assets/chair-PB3Jm0Ii.js                            | 0.000 | 0.000 |    0.000 | 0.000 | 0.000 | 0.000 | 0.000 |  0.000 |   2008.000 |   2008.000 |    2008.000 |   2008.000 |
|     1 |   0 |    1 |   0 |   0 |   0 | GET    | /apple-touch-icon-180x180.png                        | 0.000 | 0.000 |    0.000 | 0.000 | 0.000 | 0.000 | 0.000 |  0.000 |   1020.000 |   1020.000 |    1020.000 |   1020.000 |
|    50 |   0 |   15 |  35 |   0 |   0 | GET    | /images/house2.svg                                   | 0.000 | 0.000 |    0.000 | 0.000 | 0.000 | 0.000 | 0.000 |  0.000 |      0.000 |   6430.000 |   96450.000 |   1929.000 |
|    50 |   0 |   15 |  35 |   0 |   0 | GET    | /images/house1.svg                                   | 0.000 | 0.000 |    0.000 | 0.000 | 0.000 | 0.000 | 0.000 |  0.000 |      0.000 |   2903.000 |   43545.000 |    870.900 |
|     1 |   0 |    1 |   0 |   0 |   0 | GET    | /assets/route-D1lZqFMV.js                            | 0.000 | 0.000 |    0.000 | 0.000 | 0.000 | 0.000 | 0.000 |  0.000 |  10427.000 |  10427.000 |   10427.000 |  10427.000 |
|     6 |   0 |    6 |   0 |   0 |   0 | GET    | /assets/route-CJUF4eR6.js                            | 0.000 | 0.000 |    0.000 | 0.000 | 0.000 | 0.000 | 0.000 |  0.000 |   1576.000 |   1576.000 |    9456.000 |   1576.000 |
|     1 |   0 |    1 |   0 |   0 |   0 | GET    | /assets/rating-star-gH9aOYPH.js                      | 0.000 | 0.000 |    0.000 | 0.000 | 0.000 | 0.000 | 0.000 |  0.000 |    519.000 |    519.000 |     519.000 |    519.000 |
|   110 |   0 |   20 |  90 |   0 |   0 | GET    | /assets/index-9ZhTBp7q.js                            | 0.000 | 0.000 |    0.000 | 0.000 | 0.000 | 0.000 | 0.000 |  0.000 |      0.000 |  60305.000 | 1206100.000 |  10964.545 |
|    50 |   0 |   15 |  35 |   0 |   0 | GET    | /images/buildings2.svg                               | 0.000 | 0.000 |    0.000 | 0.000 | 0.000 | 0.000 | 0.000 |  0.000 |      0.000 |  23825.000 |  357375.000 |   7147.500 |
|    61 |   0 |    6 |  55 |   0 |   0 | GET    | /assets/route-DzrPVuAG.js                            | 0.000 | 0.000 |    0.000 | 0.000 | 0.000 | 0.000 | 0.000 |  0.000 |      0.000 |   1908.000 |   11448.000 |    187.672 |
|    61 |   0 |    6 |  55 |   0 |   0 | GET    | /assets/owner-context-DCgOhQtd.js                    | 0.000 | 0.000 |    0.000 | 0.000 | 0.000 | 0.000 | 0.000 |  0.000 |      0.000 |   1077.000 |    6462.000 |    105.934 |
|     1 |   0 |    1 |   0 |   0 |   0 | GET    | /assets/route-D-xfm-4G.js                            | 0.000 | 0.000 |    0.000 | 0.000 | 0.000 | 0.000 | 0.000 |  0.000 |    388.000 |    388.000 |     388.000 |    388.000 |
|     1 |   0 |    1 |   0 |   0 |   0 | GET    | /assets/route-C7CZBETH.js                            | 0.000 | 0.000 |    0.000 | 0.000 | 0.000 | 0.000 | 0.000 |  0.000 |   2244.000 |   2244.000 |    2244.000 |   2244.000 |
|    50 |   0 |   15 |  35 |   0 |   0 | GET    | /assets/route-B_Zm-GyU.js                            | 0.000 | 0.000 |    0.000 | 0.000 | 0.000 | 0.000 | 0.000 |  0.000 |      0.000 |   2687.000 |   40305.000 |    806.100 |
|   110 |   0 |   20 |  90 |   0 |   0 | GET    | /assets/root-JpS3BGeV.js                             | 0.000 | 0.000 |    0.000 | 0.000 | 0.000 | 0.000 | 0.000 |  0.000 |      0.000 |  27925.000 |  558500.000 |   5077.273 |
|   110 |   0 |   20 |  90 |   0 |   0 | GET    | /assets/isuride-CWZY8A89.js                          | 0.000 | 0.000 |    0.000 | 0.000 | 0.000 | 0.000 | 0.000 |  0.000 |      0.000 |    834.000 |   16680.000 |    151.636 |
|    50 |   0 |   15 |  35 |   0 |   0 | GET    | /assets/client-context-C6wEaUbS.js                   | 0.000 | 0.000 |    0.000 | 0.000 | 0.000 | 0.000 | 0.000 |  0.000 |      0.000 |   2262.000 |   33930.000 |    678.600 |
|   110 |   0 |   20 |  90 |   0 |   0 | GET    | /favicon.ico                                         | 0.000 | 0.000 |    0.000 | 0.000 | 0.000 | 0.000 | 0.000 |  0.000 |      0.000 |  16958.000 |  339160.000 |   3083.273 |
|     1 |   0 |    1 |   0 |   0 |   0 | GET    | /assets/route-CNt_mqIX.js                            | 0.000 | 0.000 |    0.000 | 0.000 | 0.000 | 0.000 | 0.000 |  0.000 |  26045.000 |  26045.000 |   26045.000 |  26045.000 |
|     1 |   0 |    1 |   0 |   0 |   0 | GET    | /assets/get-initial-data-vd1rP8TD.js                 | 0.000 | 0.000 |    0.000 | 0.000 | 0.000 | 0.000 | 0.000 |  0.000 |   1757.000 |   1757.000 |    1757.000 |   1757.000 |
|    15 |   0 |   15 |   0 |   0 |   0 | GET    | /assets/date-input-Br46mw6i.js                       | 0.000 | 0.000 |    0.000 | 0.000 | 0.000 | 0.000 | 0.000 |  0.000 |    425.000 |    425.000 |    6375.000 |    425.000 |
|    50 |   0 |   15 |  35 |   0 |   0 | GET    | /assets/api-base-url-Bd0x18OB.js                     | 0.000 | 0.000 |    0.000 | 0.000 | 0.000 | 0.000 | 0.000 |  0.000 |      0.000 |     26.000 |     390.000 |      7.800 |
|     1 |   0 |    1 |   0 |   0 |   0 | GET    | /assets/simulator-context-fn0s3fwv.js                | 0.000 | 0.000 |    0.000 | 0.000 | 0.000 | 0.000 | 0.000 |  0.000 |   2970.000 |   2970.000 |    2970.000 |   2970.000 |
|    15 |   0 |   15 |   0 |   0 |   0 | GET    | /assets/route-j6B5sfAw.js                            | 0.000 | 0.000 |    0.000 | 0.000 | 0.000 | 0.000 | 0.000 |  0.000 |   3490.000 |   3490.000 |   52350.000 |   3490.000 |
|     1 |   0 |    1 |   0 |   0 |   0 | GET    | /favicon-128x128.png                                 | 0.000 | 0.000 |    0.000 | 0.000 | 0.000 | 0.000 | 0.000 |  0.000 |    783.000 |    783.000 |     783.000 |    783.000 |
|     1 |   0 |    1 |   0 |   0 |   0 | GET    | /assets/price-D-o-ix3Y.js                            | 0.000 | 0.000 |    0.000 | 0.000 | 0.000 | 0.000 | 0.000 |  0.000 |   1793.000 |   1793.000 |    1793.000 |   1793.000 |
|     1 |   0 |    1 |   0 |   0 |   0 | GET    | /assets/map-WlZ9yiya.js                              | 0.000 | 0.000 |    0.000 | 0.000 | 0.000 | 0.000 | 0.000 |  0.000 |  11712.000 |  11712.000 |   11712.000 |  11712.000 |
|     1 |   0 |    1 |   0 |   0 |   0 | GET    | /index.html                                          | 0.000 | 0.000 |    0.000 | 0.000 | 0.000 | 0.000 | 0.000 |  0.000 |    704.000 |    704.000 |     704.000 |    704.000 |
|    50 |   0 |   15 |  35 |   0 |   0 | GET    | /client                                              | 0.000 | 0.000 |    0.000 | 0.000 | 0.000 | 0.000 | 0.000 |  0.000 |      0.000 |    704.000 |   10560.000 |    211.200 |
|    50 |   0 |   15 |  35 |   0 |   0 | GET    | /assets/frame-CJ9SHS1U.js                            | 0.000 | 0.000 |    0.000 | 0.000 | 0.000 | 0.000 | 0.000 |  0.000 |      0.000 |    344.000 |    5160.000 |    103.200 |
+-------+-----+------+-----+-----+-----+--------+------------------------------------------------------+-------+-------+----------+-------+-------+-------+-------+--------+------------+------------+-------------+------------+
