+-------+-----+------+------+-----+-----+--------+-------------------------------+-------+--------+----------+--------+--------+--------+--------+--------+-----------+------------+--------------+-----------+
| COUNT | 1XX | 2XX  | 3XX  | 4XX | 5XX | METHOD |              URI              |  MIN  |  MAX   |   SUM    |  AVG   |  P90   |  P95   |  P99   | STDDEV | MIN(BODY) | MAX(BODY)  |  SUM(BODY)   | AVG(BODY) |
+-------+-----+------+------+-----+-----+--------+-------------------------------+-------+--------+----------+--------+--------+--------+--------+--------+-----------+------------+--------------+-----------+
|    53 |   0 |   46 |    0 |   7 |   0 | GET    | /api/chair/notification       | 4.935 | 59.981 | 1587.583 | 29.954 | 59.944 | 59.976 | 59.981 | 24.856 | 16154.000 | 163610.000 |  3135148.000 | 59153.736 |
|    69 |   0 |   68 |    0 |   0 |   1 | GET    | /api/app/notification         | 0.002 | 34.436 | 1234.546 | 17.892 | 23.966 | 28.200 | 34.436 |  6.057 |   568.000 |  98074.000 |  4359456.000 | 63180.522 |
|  2372 |   0 | 2372 |    0 |   0 |   0 | POST   | /api/chair/coordinate         | 0.011 |  2.228 |  231.618 |  0.098 |  0.171 |  0.273 |  0.661 |  0.147 |    29.000 |     29.000 |    68788.000 |    29.000 |
|    92 |   0 |   92 |    0 |   0 |   0 | GET    | /api/owner/chairs             | 0.217 |  3.046 |  200.430 |  2.179 |  2.730 |  2.831 |  3.046 |  0.458 |   592.000 |  18979.000 |   101641.000 |  1104.793 |
|   126 |   0 |  126 |    0 |   0 |   0 | GET    | /api/app/nearby-chairs        | 0.023 |  1.195 |   56.719 |  0.450 |  0.796 |  0.972 |  1.086 |  0.264 |    42.000 |   1209.000 |    29299.000 |   232.532 |
|    33 |   0 |   33 |    0 |   0 |   0 | POST   | /api/chair/activity           | 0.020 |  2.241 |   26.172 |  0.793 |  2.179 |  2.237 |  2.241 |  0.959 |     0.000 |      0.000 |        0.000 |     0.000 |
|    60 |   0 |   60 |    0 |   0 |   0 | POST   | /api/app/payment-methods      | 0.015 |  2.191 |   24.925 |  0.415 |  2.069 |  2.152 |  2.191 |  0.733 |     0.000 |      0.000 |        0.000 |     0.000 |
|   482 |   0 |  479 |    0 |   0 |   3 | GET    | /api/internal/matching        | 0.001 |  2.226 |   20.712 |  0.043 |  0.032 |  0.171 |  1.314 |  0.193 |     0.000 |   5366.000 |     5698.000 |    11.822 |
|   115 |   0 |  115 |    0 |   0 |   0 | POST   | /rides/.*/status              | 0.015 |  0.548 |   11.351 |  0.099 |  0.233 |  0.330 |  0.513 |  0.099 |     0.000 |      0.000 |        0.000 |     0.000 |
|    46 |   0 |   46 |    0 |   0 |   0 | POST   | /rides/.*/evaluation          | 0.049 |  0.908 |   10.325 |  0.224 |  0.491 |  0.563 |  0.908 |  0.184 |    30.000 |     30.000 |     1380.000 |    30.000 |
|   129 |   0 |  129 |    0 |   0 |   0 | GET    | /api/app/rides                | 0.004 |  0.675 |    8.287 |  0.064 |  0.123 |  0.223 |  0.621 |  0.103 |    12.000 |   2146.000 |     9951.000 |    77.140 |
|    69 |   0 |   69 |    0 |   0 |   0 | POST   | /api/app/rides                | 0.018 |  0.307 |    6.416 |  0.093 |  0.188 |  0.244 |  0.307 |  0.066 |    51.000 |     52.000 |     3572.000 |    51.768 |
|    60 |   0 |   60 |    0 |   0 |   0 | POST   | /api/app/users                | 0.007 |  0.889 |    5.535 |  0.092 |  0.184 |  0.300 |  0.889 |  0.161 |    86.000 |     86.000 |     5160.000 |    86.000 |
|    51 |   0 |   51 |    0 |   0 |   0 | GET    | /api/owner/sales              | 0.018 |  0.188 |    3.870 |  0.076 |  0.133 |  0.153 |  0.188 |  0.037 |   391.000 |   8997.000 |    34227.000 |   671.118 |
|    73 |   0 |   73 |    0 |   0 |   0 | POST   | /api/app/rides/estimated-fare | 0.008 |  0.199 |    2.864 |  0.039 |  0.080 |  0.110 |  0.199 |  0.037 |    26.000 |     29.000 |     2061.000 |    28.233 |
|     1 |   0 |    1 |    0 |   0 |   0 | POST   | /api/initialize               | 2.666 |  2.666 |    2.666 |  2.666 |  2.666 |  2.666 |  2.666 |  0.000 |    19.000 |     19.000 |       19.000 |    19.000 |
|    33 |   0 |   33 |    0 |   0 |   0 | POST   | /api/chair/chairs             | 0.007 |  0.125 |    0.887 |  0.027 |  0.057 |  0.118 |  0.125 |  0.029 |    75.000 |     75.000 |     2475.000 |    75.000 |
|  5804 |   0 | 1515 | 4289 |   0 |   0 | GET    | /assets/.*                    | 0.000 |  0.012 |    0.137 |  0.000 |  0.000 |  0.000 |  0.000 |  0.000 |     0.000 | 184569.000 | 23397588.000 |  4031.287 |
|     1 |   0 |    1 |    0 |   0 |   0 | GET    | /api/owner/sales?             | 0.052 |  0.052 |    0.052 |  0.052 |  0.052 |  0.052 |  0.052 |  0.000 |  9163.000 |   9163.000 |     9163.000 |  9163.000 |
|     5 |   0 |    5 |    0 |   0 |   0 | POST   | /api/owner/owners             | 0.008 |  0.014 |    0.051 |  0.010 |  0.014 |  0.014 |  0.014 |  0.003 |   125.000 |    125.000 |      625.000 |   125.000 |
|  2099 |   0 |  551 | 1548 |   0 |   0 | GET    | /images/.*                    | 0.000 |  0.001 |    0.001 |  0.000 |  0.000 |  0.000 |  0.000 |  0.000 |     0.000 | 549793.000 | 14185968.000 |  6758.441 |
|     1 |   0 |    1 |    0 |   0 |   0 | GET    | /index.html                   | 0.000 |  0.000 |    0.000 |  0.000 |  0.000 |  0.000 |  0.000 |  0.000 |   704.000 |    704.000 |      704.000 |   704.000 |
|   329 |   0 |   66 |  263 |   0 |   0 | GET    | /favicon-32x32.png            | 0.000 |  0.000 |    0.000 |  0.000 |  0.000 |  0.000 |  0.000 |  0.000 |     0.000 |    336.000 |    22176.000 |    67.404 |
|   233 |   0 |   61 |  172 |   0 |   0 | GET    | /client                       | 0.000 |  0.000 |    0.000 |  0.000 |  0.000 |  0.000 |  0.000 |  0.000 |     0.000 |    704.000 |    42944.000 |   184.309 |
|     1 |   0 |    1 |    0 |   0 |   0 | GET    | /apple-touch-icon-180x180.png | 0.000 |  0.000 |    0.000 |  0.000 |  0.000 |  0.000 |  0.000 |  0.000 |  1020.000 |   1020.000 |     1020.000 |  1020.000 |
|    97 |   0 |    6 |   91 |   0 |   0 | GET    | /owner                        | 0.000 |  0.000 |    0.000 |  0.000 |  0.000 |  0.000 |  0.000 |  0.000 |     0.000 |    704.000 |     4224.000 |    43.546 |
|     1 |   0 |    1 |    0 |   0 |   0 | GET    | /                             | 0.000 |  0.000 |    0.000 |  0.000 |  0.000 |  0.000 |  0.000 |  0.000 |   409.000 |    409.000 |      409.000 |   409.000 |
|   329 |   0 |   66 |  263 |   0 |   0 | GET    | /favicon.ico                  | 0.000 |  0.000 |    0.000 |  0.000 |  0.000 |  0.000 |  0.000 |  0.000 |     0.000 |  16958.000 |  1119228.000 |  3401.909 |
|     1 |   0 |    1 |    0 |   0 |   0 | GET    | /favicon-128x128.png          | 0.000 |  0.000 |    0.000 |  0.000 |  0.000 |  0.000 |  0.000 |  0.000 |   783.000 |    783.000 |      783.000 |   783.000 |
+-------+-----+------+------+-----+-----+--------+-------------------------------+-------+--------+----------+--------+--------+--------+--------+--------+-----------+------------+--------------+-----------+
