+-------+-----+------+------+-----+-----+--------+-------------------------------+-------+-------+----------+-------+-------+-------+-------+--------+-----------+------------+-------------+-----------+
| COUNT | 1XX | 2XX  | 3XX  | 4XX | 5XX | METHOD |              URI              |  MIN  |  MAX  |   SUM    |  AVG  |  P90  |  P95  |  P99  | STDDEV | MIN(BODY) | MAX(BODY)  |  SUM(BODY)  | AVG(BODY) |
+-------+-----+------+------+-----+-----+--------+-------------------------------+-------+-------+----------+-------+-------+-------+-------+--------+-----------+------------+-------------+-----------+
|  9802 |   0 | 9789 |    0 |  13 |   0 | GET    | /api/chair/notification       | 0.005 | 2.303 | 1016.449 | 0.104 | 0.201 | 0.252 | 0.360 |  0.109 |     0.000 |    270.000 | 1554053.000 |   158.544 |
|  3852 |   0 | 3841 |    0 |  11 |   0 | GET    | /api/app/notification         | 0.011 | 0.859 |  620.632 | 0.161 | 0.306 | 0.369 | 0.508 |  0.104 |     0.000 |    438.000 | 1498441.000 |   389.003 |
|  3431 |   0 | 3431 |    0 |   0 |   0 | POST   | /api/chair/coordinate         | 0.016 | 2.475 |  514.754 | 0.150 | 0.257 | 0.298 | 0.413 |  0.122 |    29.000 |     29.000 |   99499.000 |    29.000 |
|    81 |   0 |   81 |    0 |   0 |   0 | GET    | /api/owner/chairs             | 0.229 | 4.347 |  205.773 | 2.540 | 2.828 | 3.718 | 4.347 |  0.527 |   580.000 |  18979.000 |   82016.000 |  1012.543 |
|    41 |   0 |   41 |    0 |   0 |   0 | GET    | /api/app/nearby-chairs        | 0.557 | 2.122 |   51.359 | 1.253 | 1.742 | 1.977 | 2.122 |  0.398 |    42.000 |    887.000 |   11403.000 |   278.122 |
|    22 |   0 |   22 |    0 |   0 |   0 | POST   | /api/chair/activity           | 0.026 | 2.302 |   24.762 | 1.126 | 2.281 | 2.287 | 2.302 |  0.970 |     0.000 |      0.000 |       0.000 |     0.000 |
|    18 |   0 |   18 |    0 |   0 |   0 | POST   | /api/app/payment-methods      | 0.026 | 2.286 |   16.198 | 0.900 | 2.279 | 2.286 | 2.286 |  1.027 |     0.000 |      0.000 |       0.000 |     0.000 |
|    44 |   0 |   44 |    0 |   0 |   0 | GET    | /api/app/rides                | 0.009 | 1.943 |   13.599 | 0.309 | 0.985 | 1.059 | 1.943 |  0.435 |    12.000 |   2146.000 |   19596.000 |   445.364 |
|    45 |   0 |   45 |    0 |   0 |   0 | GET    | /api/owner/sales              | 0.078 | 0.314 |    7.173 | 0.159 | 0.214 | 0.230 | 0.314 |  0.047 |   390.000 |   8997.000 |   27763.000 |   616.956 |
|   207 |   0 |  205 |    0 |   0 |   2 | GET    | /api/internal/matching        | 0.001 | 0.994 |    6.478 | 0.031 | 0.087 | 0.146 | 0.318 |  0.091 |     0.000 |   5366.000 |    5532.000 |    26.725 |
|    32 |   0 |   32 |    0 |   0 |   0 | POST   | /api/app/rides                | 0.066 | 0.437 |    6.220 | 0.194 | 0.347 | 0.419 | 0.437 |  0.102 |    51.000 |     53.000 |    1657.000 |    51.781 |
|    51 |   0 |   51 |    0 |   0 |   0 | POST   | /rides/.*/status              | 0.021 | 0.221 |    5.413 | 0.106 | 0.160 | 0.188 | 0.221 |  0.047 |     0.000 |      0.000 |       0.000 |     0.000 |
|    17 |   0 |   17 |    0 |   0 |   0 | POST   | /rides/.*/evaluation          | 0.133 | 0.445 |    3.699 | 0.218 | 0.346 | 0.445 | 0.445 |  0.082 |    30.000 |     30.000 |     510.000 |    30.000 |
|     1 |   0 |    1 |    0 |   0 |   0 | POST   | /api/initialize               | 2.503 | 2.503 |    2.503 | 2.503 | 2.503 | 2.503 | 2.503 |  0.000 |    19.000 |     19.000 |      19.000 |    19.000 |
|    36 |   0 |   36 |    0 |   0 |   0 | POST   | /api/app/rides/estimated-fare | 0.003 | 0.196 |    2.244 | 0.062 | 0.134 | 0.166 | 0.196 |  0.047 |    26.000 |     29.000 |     988.000 |    27.444 |
|    18 |   0 |   18 |    0 |   0 |   0 | POST   | /api/app/users                | 0.008 | 0.247 |    0.956 | 0.053 | 0.186 | 0.247 | 0.247 |  0.067 |    86.000 |     86.000 |    1548.000 |    86.000 |
|    22 |   0 |   22 |    0 |   0 |   0 | POST   | /api/chair/chairs             | 0.007 | 0.066 |    0.294 | 0.013 | 0.013 | 0.047 | 0.066 |  0.014 |    75.000 |     75.000 |    1650.000 |    75.000 |
|     1 |   0 |    1 |    0 |   0 |   0 | GET    | /api/owner/sales?             | 0.092 | 0.092 |    0.092 | 0.092 | 0.092 | 0.092 | 0.092 |  0.000 |  9163.000 |   9163.000 |    9163.000 |  9163.000 |
|     5 |   0 |    5 |    0 |   0 |   0 | POST   | /api/owner/owners             | 0.007 | 0.049 |    0.086 | 0.017 | 0.049 | 0.049 | 0.049 |  0.016 |   125.000 |    125.000 |     625.000 |   125.000 |
|  2735 |   0 |  549 | 2186 |   0 |   0 | GET    | /assets/.*                    | 0.000 | 0.004 |    0.021 | 0.000 | 0.000 | 0.000 | 0.000 |  0.000 |     0.000 | 184569.000 | 8543994.000 |  3123.947 |
|    86 |   0 |    6 |   80 |   0 |   0 | GET    | /owner                        | 0.000 | 0.000 |    0.000 | 0.000 | 0.000 | 0.000 | 0.000 |  0.000 |     0.000 |    704.000 |    4224.000 |    49.116 |
|     1 |   0 |    1 |    0 |   0 |   0 | GET    | /favicon-128x128.png          | 0.000 | 0.000 |    0.000 | 0.000 | 0.000 | 0.000 | 0.000 |  0.000 |   783.000 |    783.000 |     783.000 |   783.000 |
|   162 |   0 |   24 |  138 |   0 |   0 | GET    | /favicon.ico                  | 0.000 | 0.000 |    0.000 | 0.000 | 0.000 | 0.000 | 0.000 |  0.000 |     0.000 |  16958.000 |  406992.000 |  2512.296 |
|   695 |   0 |  173 |  522 |   0 |   0 | GET    | /images/.*                    | 0.000 | 0.000 |    0.000 | 0.000 | 0.000 | 0.000 | 0.000 |  0.000 |     0.000 | 549793.000 | 4800396.000 |  6907.045 |
|     1 |   0 |    1 |    0 |   0 |   0 | GET    | /apple-touch-icon-180x180.png | 0.000 | 0.000 |    0.000 | 0.000 | 0.000 | 0.000 | 0.000 |  0.000 |  1020.000 |   1020.000 |    1020.000 |  1020.000 |
|    77 |   0 |   19 |   58 |   0 |   0 | GET    | /client                       | 0.000 | 0.000 |    0.000 | 0.000 | 0.000 | 0.000 | 0.000 |  0.000 |     0.000 |    704.000 |   13376.000 |   173.714 |
|     1 |   0 |    1 |    0 |   0 |   0 | GET    | /index.html                   | 0.000 | 0.000 |    0.000 | 0.000 | 0.000 | 0.000 | 0.000 |  0.000 |   704.000 |    704.000 |     704.000 |   704.000 |
|   162 |   0 |   24 |  138 |   0 |   0 | GET    | /favicon-32x32.png            | 0.000 | 0.000 |    0.000 | 0.000 | 0.000 | 0.000 | 0.000 |  0.000 |     0.000 |    336.000 |    8064.000 |    49.778 |
+-------+-----+------+------+-----+-----+--------+-------------------------------+-------+-------+----------+-------+-------+-------+-------+--------+-----------+------------+-------------+-----------+
