+-------+-----+-------+------+-----+-----+--------+-------------------------------+-------+-------+----------+-------+-------+-------+-------+--------+-----------+------------+--------------+-----------+
| COUNT | 1XX |  2XX  | 3XX  | 4XX | 5XX | METHOD |              URI              |  MIN  |  MAX  |   SUM    |  AVG  |  P90  |  P95  |  P99  | STDDEV | MIN(BODY) | MAX(BODY)  |  SUM(BODY)   | AVG(BODY) |
+-------+-----+-------+------+-----+-----+--------+-------------------------------+-------+-------+----------+-------+-------+-------+-------+--------+-----------+------------+--------------+-----------+
| 13150 |   0 | 13136 |    0 |  14 |   0 | GET    | /api/chair/notification       | 0.002 | 2.473 | 1021.031 | 0.078 | 0.156 | 0.200 | 0.287 |  0.103 |     0.000 |    269.000 |  2295911.000 |   174.594 |
|  5971 |   0 |  5955 |    0 |  16 |   0 | GET    | /api/app/notification         | 0.004 | 0.927 |  728.781 | 0.122 | 0.243 | 0.296 | 0.399 |  0.086 |     0.000 |    440.000 |  2300155.000 |   385.221 |
|  5096 |   0 |  5096 |    0 |   0 |   0 | POST   | /api/chair/coordinate         | 0.015 | 2.521 |  571.540 | 0.112 | 0.195 | 0.235 | 0.319 |  0.100 |    29.000 |     29.000 |   147784.000 |    29.000 |
|    81 |   0 |    81 |    0 |   0 |   0 | GET    | /api/owner/chairs             | 0.183 | 4.236 |  212.772 | 2.627 | 2.870 | 3.673 | 4.236 |  0.463 |   593.000 |  18979.000 |    88530.000 |  1092.963 |
|    82 |   0 |    82 |    0 |   0 |   0 | GET    | /api/app/nearby-chairs        | 0.299 | 1.918 |   80.998 | 0.988 | 1.532 | 1.723 | 1.918 |  0.416 |    42.000 |    803.000 |    20111.000 |   245.256 |
|    28 |   0 |    28 |    0 |   0 |   0 | POST   | /api/chair/activity           | 0.020 | 2.498 |   27.467 | 0.981 | 2.452 | 2.465 | 2.498 |  1.091 |     0.000 |      0.000 |        0.000 |     0.000 |
|    40 |   0 |    40 |    0 |   0 |   0 | POST   | /api/app/payment-methods      | 0.019 | 2.460 |   16.038 | 0.401 | 2.376 | 2.403 | 2.460 |  0.795 |     0.000 |      0.000 |        0.000 |     0.000 |
|    85 |   0 |    85 |    0 |   0 |   0 | GET    | /api/app/rides                | 0.006 | 2.040 |   13.109 | 0.154 | 0.273 | 0.340 | 2.040 |  0.314 |    12.000 |   2146.000 |    16695.000 |   196.412 |
|   189 |   0 |   188 |    0 |   0 |   1 | GET    | /api/internal/matching        | 0.001 | 0.948 |    8.873 | 0.047 | 0.133 | 0.195 | 0.938 |  0.125 |     0.000 |    166.000 |      166.000 |     0.878 |
|    51 |   0 |    51 |    0 |   0 |   0 | POST   | /api/app/rides                | 0.045 | 0.451 |    7.863 | 0.154 | 0.230 | 0.304 | 0.451 |  0.074 |    51.000 |     53.000 |     2645.000 |    51.863 |
|    28 |   0 |    28 |    0 |   0 |   0 | POST   | /rides/.*/evaluation          | 0.105 | 0.733 |    7.778 | 0.278 | 0.625 | 0.631 | 0.733 |  0.173 |    30.000 |     30.000 |      840.000 |    30.000 |
|    74 |   0 |    74 |    0 |   0 |   0 | POST   | /rides/.*/status              | 0.014 | 0.297 |    6.881 | 0.093 | 0.205 | 0.273 | 0.297 |  0.067 |     0.000 |      0.000 |        0.000 |     0.000 |
|    31 |   0 |    31 |    0 |   0 |   0 | GET    | /api/owner/sales              | 0.041 | 0.268 |    3.873 | 0.125 | 0.201 | 0.226 | 0.268 |  0.056 |   389.000 |   8997.000 |    23271.000 |   750.677 |
|    41 |   0 |    40 |    0 |   0 |   1 | POST   | /api/app/users                | 0.008 | 1.225 |    3.845 | 0.094 | 0.113 | 0.158 | 1.225 |  0.184 |    86.000 | 160980.000 |   164420.000 |  4010.244 |
|    55 |   0 |    55 |    0 |   0 |   0 | POST   | /api/app/rides/estimated-fare | 0.005 | 0.412 |    3.742 | 0.068 | 0.136 | 0.171 | 0.412 |  0.065 |    26.000 |     29.000 |     1538.000 |    27.964 |
|     1 |   0 |     1 |    0 |   0 |   0 | POST   | /api/initialize               | 2.672 | 2.672 |    2.672 | 2.672 | 2.672 | 2.672 | 2.672 |  0.000 |    19.000 |     19.000 |       19.000 |    19.000 |
|    28 |   0 |    28 |    0 |   0 |   0 | POST   | /api/chair/chairs             | 0.008 | 0.055 |    0.485 | 0.017 | 0.039 | 0.046 | 0.055 |  0.013 |    75.000 |     75.000 |     2100.000 |    75.000 |
|     5 |   0 |     5 |    0 |   0 |   0 | POST   | /api/owner/owners             | 0.007 | 0.054 |    0.093 | 0.019 | 0.054 | 0.054 | 0.054 |  0.018 |   125.000 |    125.000 |      625.000 |   125.000 |
|  4147 |   0 |  1077 | 3070 |   0 |   0 | GET    | /assets/.*                    | 0.000 | 0.008 |    0.092 | 0.000 | 0.000 | 0.000 | 0.000 |  0.000 |     0.000 | 184569.000 | 16677076.000 |  4021.480 |
|     1 |   0 |     1 |    0 |   0 |   0 | GET    | /api/owner/sales?             | 0.052 | 0.052 |    0.052 | 0.052 | 0.052 | 0.052 | 0.052 |  0.000 |  9163.000 |   9163.000 |     9163.000 |  9163.000 |
|  1370 |   0 |   380 |  990 |   0 |   0 | GET    | /images/.*                    | 0.000 | 0.008 |    0.009 | 0.000 | 0.000 | 0.000 | 0.000 |  0.000 |     0.000 | 549793.000 |  9940114.000 |  7255.558 |
|     1 |   0 |     1 |    0 |   0 |   0 | GET    | /index.html                   | 0.000 | 0.000 |    0.000 | 0.000 | 0.000 | 0.000 | 0.000 |  0.000 |   704.000 |    704.000 |      704.000 |   704.000 |
|     1 |   0 |     1 |    0 |   0 |   0 | GET    | /favicon-128x128.png          | 0.000 | 0.000 |    0.000 | 0.000 | 0.000 | 0.000 | 0.000 |  0.000 |   783.000 |    783.000 |      783.000 |   783.000 |
|     1 |   0 |     1 |    0 |   0 |   0 | GET    | /apple-touch-icon-180x180.png | 0.000 | 0.000 |    0.000 | 0.000 | 0.000 | 0.000 | 0.000 |  0.000 |  1020.000 |   1020.000 |     1020.000 |  1020.000 |
|   237 |   0 |    47 |  190 |   0 |   0 | GET    | /favicon-32x32.png            | 0.000 | 0.000 |    0.000 | 0.000 | 0.000 | 0.000 | 0.000 |  0.000 |     0.000 |    336.000 |    15792.000 |    66.633 |
|   152 |   0 |    42 |  110 |   0 |   0 | GET    | /client                       | 0.000 | 0.000 |    0.000 | 0.000 | 0.000 | 0.000 | 0.000 |  0.000 |     0.000 |    704.000 |    29568.000 |   194.526 |
|   237 |   0 |    47 |  190 |   0 |   0 | GET    | /favicon.ico                  | 0.000 | 0.000 |    0.000 | 0.000 | 0.000 | 0.000 | 0.000 |  0.000 |     0.000 |  16958.000 |   797026.000 |  3362.979 |
|    86 |   0 |     6 |   80 |   0 |   0 | GET    | /owner                        | 0.000 | 0.000 |    0.000 | 0.000 | 0.000 | 0.000 | 0.000 |  0.000 |     0.000 |    704.000 |     4224.000 |    49.116 |
+-------+-----+-------+------+-----+-----+--------+-------------------------------+-------+-------+----------+-------+-------+-------+-------+--------+-----------+------------+--------------+-----------+
